 0.0E+00   0.0E+00   0.0E+00   2.0E+12   0.0E+00   0.0E+00   0.0E+00   0.0E+00   0.0E+00   0.0E+00   1.6E+10   0.0E+00   0.0E+00   0.0E+00   0.0E+00   9.3E+11   1.6E+12   0.0E+00   3.2E+12   0.0E+00         0         0         0         0   0.0E+00   0.0E+00   2.5E+12   0.0E+00   0.0E+00   5.6E+11   2.0E+12   9.4E+11   0.0E+00   1.4E+12   2.2E+12   0.0E+00
       0         0         0         0         0         0         0         0         0   3.8E+11         0         0         0         0         0         0         0         0         0   0.0E+00   1.2E+12         0         0   0.0E+00   0.0E+00   0.0E+00   1.6E+12   0.0E+00         0         0         0         0         0         0         0         0
       0         0         0         0         0         0   9.2E+12   1.0E+13   5.0E+12  -1.4E+13  -1.9E+12  -8.3E+12         0         0         0         0         0         0         0         0   7.5E+12   4.0E+12   4.4E+12   1.0E+13   3.9E+12  -7.6E+12         0         0         0         0         0         0         0         0         0         0
       0         0         0         0  -2.2E+13  -1.4E+13  -1.9E+13  -3.4E+13  -2.2E+13  -1.8E+13  -3.7E+12   4.6E+12  -1.3E+13         0         0         0         0         0         0         0   3.9E+13   3.0E+13   3.3E+13   2.8E+13   1.0E+13         0         0         0         0         0         0         0         0         0         0         0
       0         0         0         0  -2.6E+13   9.5E+12  -6.0E+12   4.3E+12   4.8E+12   4.2E+12   1.4E+12  -4.7E+12  -8.8E+12   7.0E+12         0         0         0         0         0         0   4.1E+13   4.9E+13   5.9E+13   4.1E+13   1.5E+13   1.4E+12         0         0         0         0         0         0         0         0         0         0
       0         0         0   7.0E+12   5.3E+12   9.0E+12   7.6E+12   2.4E+13   2.3E+13   2.0E+13   1.7E+13  -3.1E+12  -1.7E+13  -2.6E+12         0         0         0         0         0   3.8E+13   5.7E+13   6.6E+13   5.5E+13   3.4E+13   1.6E+13   2.8E+12         0         0         0         0         0         0         0         0         0         0
       0         0         0   1.4E+13   2.2E+13   3.2E+13   3.1E+13   2.7E+13   2.3E+13   5.3E+12  -1.2E+13  -1.7E+13  -3.2E+13  -3.4E+13         0         0         0         0   2.1E+13   5.1E+13   6.4E+13   5.4E+13   4.3E+13   1.7E+12  -1.7E+13         0   7.3E+12  -2.5E+12         0         0         0         0         0         0         0         0
       0         0         0   2.9E+12   6.8E+12   2.2E+13   2.1E+13   1.9E+13   5.6E+12  -1.2E+13  -3.1E+13  -3.4E+13  -3.1E+13  -1.9E+13         0         0         0         0   2.4E+13   3.3E+13   4.8E+13   2.5E+13  -6.4E+11  -2.8E+13  -2.3E+13  -1.4E+13  -7.6E+12  -5.5E+12   1.7E+12  -6.5E+12         0         0         0         0         0         0
       0         0  -1.9E+13  -6.6E+12  -8.9E+10   4.2E+12   6.1E+11  -1.1E+13  -2.7E+13  -3.4E+13  -3.4E+13  -2.8E+13  -2.3E+13  -8.7E+12  -9.1E+12         0         0         0  -5.0E+12   7.7E+12   8.9E+12  -1.5E+13  -2.1E+13  -2.6E+13  -2.5E+13         0         0  -3.5E+12   2.0E+11         0         0         0         0         0         0         0
       0         0  -1.2E+12  -9.7E+12  -1.2E+13  -1.2E+13  -9.9E+12  -2.2E+13  -2.3E+13  -2.0E+13  -2.1E+13  -2.0E+13  -1.6E+13  -1.2E+13  -7.6E+12         0  -9.0E+12  -1.1E+13  -1.1E+13  -1.2E+13  -1.3E+13  -1.6E+13  -1.8E+13  -1.8E+13  -1.7E+13         0         0         0         0         0         0         0         0         0         0         0
       0         0  -1.3E+13  -1.7E+11  -8.9E+12  -1.4E+13  -1.4E+13  -1.8E+13  -1.7E+13  -1.5E+13  -1.2E+13  -6.4E+12  -9.7E+12  -9.9E+12  -5.9E+12         0  -1.3E+13  -6.5E+12   5.7E+12   1.4E+12   1.2E+12   2.2E+12  -6.5E+11  -6.2E+12   6.9E+12         0         0         0         0         0         0  -6.9E+12  -7.5E+12         0         0         0
       0  -7.3E+12  -1.2E+13   4.2E+11  -8.7E+12  -1.1E+13  -1.2E+13  -1.1E+13  -8.1E+12  -9.3E+12  -1.0E+13   2.5E+12  -1.2E+12  -5.4E+12  -5.5E+12         0  -1.3E+13  -2.7E+12  -5.5E+12  -5.0E+12   3.3E+11   1.5E+12   1.3E+12  -6.5E+12   6.1E+11         0         0         0         0         0         0  -2.6E+12  -5.5E+12         0         0         0
       0  -1.3E+13  -1.5E+13  -1.3E+13  -1.2E+13  -1.0E+13  -7.4E+12  -6.3E+12  -5.6E+12  -4.6E+12  -1.9E+12   2.5E+12   2.9E+12  -7.1E+12  -8.9E+12  -7.6E+12         0  -1.3E+13  -8.1E+12  -1.0E+13  -1.2E+13  -9.6E+12  -8.6E+12  -1.1E+13  -1.7E+13         0         0         0         0         0         0  -1.0E+13  -6.1E+12         0  -7.7E+12  -1.1E+13
       0  -9.1E+12  -1.2E+13  -1.3E+13  -1.2E+13  -1.2E+13  -9.2E+12  -7.2E+12  -5.6E+12  -1.8E+12   2.0E+12  -3.7E+12  -6.6E+12  -1.0E+13  -9.4E+12  -5.3E+12   5.4E+11         0  -8.5E+12  -8.9E+12  -1.3E+13  -1.2E+13  -1.3E+13  -1.3E+13  -1.9E+13         0         0         0         0         0         0  -8.7E+12  -1.1E+13   1.8E+11  -7.5E+12  -9.4E+12
       0  -9.3E+12  -8.9E+12  -9.1E+12  -9.4E+12  -1.1E+13  -9.4E+12  -8.0E+12  -7.1E+12  -5.4E+12  -4.2E+12  -4.3E+12  -3.9E+12  -4.7E+12  -5.3E+12  -5.2E+12  -8.1E+11   1.3E+12         0  -6.3E+12  -1.1E+13  -1.1E+13  -1.0E+13  -1.0E+13  -1.0E+13         0         0         0         0         0         0  -4.8E+12  -1.2E+13  -6.2E+12  -5.1E+12  -8.9E+12
       0  -3.6E+12  -4.0E+12  -2.6E+12  -5.6E+12  -5.9E+12  -4.6E+12  -2.1E+12   9.9E+11   3.4E+12   6.2E+12   6.7E+12   6.5E+12   5.5E+12   9.2E+11  -1.2E+12   6.4E+12   2.8E+12         0         0  -1.0E+13  -8.6E+12  -7.4E+12  -2.6E+12  -1.1E+12         0         0         0         0         0         0  -7.1E+12  -8.1E+12  -4.9E+12  -9.7E+12  -6.3E+12
       0   1.7E+12  -3.5E+11   4.5E+12   2.8E+11  -1.2E+12  -7.0E+11   2.3E+12   5.4E+12   7.9E+12   1.0E+13   9.7E+12   8.0E+12   6.1E+12   3.3E+12   1.5E+12   2.1E+11  -4.0E+11         0         0  -9.7E+12  -7.3E+12  -2.7E+11  -9.1E+11  -2.1E+12  -4.9E+12  -6.2E+12         0         0         0   5.1E+12  -2.7E+12  -4.2E+12  -5.8E+12  -9.9E+12  -1.3E+12
       0         0  -4.8E+10   5.3E+12   4.4E+12   4.6E+11  -1.6E+12  -2.3E+11   3.1E+11   9.7E+11   5.2E+11  -4.2E+11  -1.8E+11   4.2E+11   9.3E+11   1.9E+12   1.7E+12  -6.5E+11         0         0         0  -1.0E+13  -6.9E+12  -4.3E+12  -4.0E+12  -2.2E+12   2.9E+12         0         0         0  -2.0E+12   1.2E+12   7.1E+11  -3.0E+12  -6.1E+12  -2.3E+12
       0         0  -2.9E+12   1.4E+12   4.1E+12  -1.2E+10  -1.3E+12  -8.1E+11  -1.2E+12  -9.2E+11  -9.5E+11  -1.1E+12  -4.8E+11   2.6E+11   1.3E+12   3.3E+12   5.3E+12   3.4E+12         0         0         0  -1.3E+13  -8.6E+12  -6.9E+12  -6.7E+12  -2.7E+12   6.1E+12         0         0         0  -7.2E+12  -2.2E+12   8.0E+12   2.1E+11  -7.4E+11  -2.7E+11
 2.1E+12         0  -3.3E+12  -2.4E+12  -3.2E+12  -1.4E+12  -1.1E+12  -3.3E+11  -3.4E+11   2.7E+11   8.7E+11   1.2E+12   2.6E+12   4.5E+12   5.7E+12   6.6E+12   7.5E+12   2.8E+11         0         0         0         0  -1.0E+13   2.7E+12   6.2E+12   1.6E+13   1.2E+13         0         0         0  -6.0E+12  -1.5E+12   1.4E+12   4.4E+11   8.1E+11   1.9E+12
 3.3E+12         0  -3.4E+12  -8.3E+12  -4.1E+12  -2.4E+12  -1.1E+12  -7.7E+11  -2.0E+12  -1.8E+12  -2.7E+12  -2.4E+12  -2.2E+12  -1.6E+12   5.2E+11   2.4E+12   4.0E+12   3.8E+12         0         0         0         0  -1.3E+13  -4.0E+12   6.5E+12   1.1E+13   5.5E+12         0         0         0  -1.0E+13  -5.1E+12  -4.4E+12  -3.1E+12  -2.4E+12   5.3E+11
-1.5E+12   3.2E+12         0         0  -1.2E+13  -5.0E+12  -3.9E+12  -4.9E+12  -5.3E+12  -4.0E+12  -5.0E+12  -4.5E+12  -5.2E+12  -4.9E+12  -1.2E+12   4.2E+11   1.9E+12   2.8E+12         0         0         0         0  -8.6E+12  -4.0E+12   2.0E+12   2.4E+11   1.4E+12         0         0         0  -1.1E+13  -1.4E+13  -1.1E+13  -8.4E+12  -6.9E+12  -4.9E+12
-6.9E+12  -1.4E+12         0         0  -1.4E+13  -8.1E+12  -6.9E+12  -8.2E+12  -7.9E+12  -7.5E+12  -6.9E+12  -6.6E+12  -6.6E+12  -2.9E+12   2.0E+12   3.8E+12   6.5E+12  -1.3E+12         0         0         0         0   3.1E+12   5.6E+12   4.1E+12  -4.4E+12   3.8E+12         0         0         0  -8.6E+12  -1.1E+13  -1.5E+13  -1.5E+13  -1.3E+13  -1.0E+13
-8.6E+12  -4.7E+12         0         0  -7.5E+12  -7.7E+12  -9.8E+12  -8.7E+12  -8.6E+12  -8.2E+12  -7.7E+12  -7.1E+12  -8.2E+12  -4.3E+12   4.8E+12   8.2E+12   1.2E+13   2.4E+12   7.3E+12         0         0         0  -1.2E+13   5.8E+12  -1.6E+12  -7.5E+12  -1.6E+12         0         0         0  -8.4E+12  -1.1E+13  -1.3E+13  -1.5E+13  -1.3E+13  -1.1E+13
-6.5E+12  -9.8E+12         0         0         0  -9.4E+12  -5.5E+12  -8.8E+12  -7.6E+12  -6.8E+12  -5.0E+12  -3.3E+12  -5.7E+12  -7.0E+12  -3.8E+12  -1.6E+12   1.1E+12   3.0E+11  -2.5E+12         0         0         0  -1.5E+13  -8.7E+12  -1.1E+13  -1.3E+13  -1.1E+13         0         0   3.4E+12  -7.4E+12  -8.7E+12  -1.3E+13  -1.6E+13  -1.4E+13  -1.1E+13
-4.7E+12  -1.6E+13         0         0         0   1.8E+13   7.9E+10  -1.0E+13  -1.0E+13  -7.5E+12  -5.0E+12  -4.2E+12  -8.1E+12  -8.7E+12  -8.6E+12  -8.5E+12  -7.6E+12  -6.7E+12  -8.2E+12         0         0  -7.1E+12  -1.9E+13  -1.2E+13  -1.3E+13  -1.4E+13  -1.6E+13  -1.4E+13         0   3.9E+12  -1.3E+13  -1.1E+13  -1.4E+13  -1.4E+13  -1.3E+13  -8.3E+12
-1.4E+13  -2.0E+13         0         0         0  -4.6E+12  -5.7E+12  -1.2E+13  -1.1E+13  -1.2E+13  -1.0E+13  -9.9E+12  -9.5E+12  -9.4E+12  -8.8E+12  -9.7E+12  -1.0E+13  -1.2E+13  -1.6E+13         0         0  -1.8E+13  -2.2E+13  -1.4E+13  -1.6E+13  -1.6E+13  -2.1E+13  -1.7E+13         0  -6.4E+12  -1.4E+13  -1.7E+13  -1.7E+13  -2.4E+13  -2.4E+13  -2.1E+13
-2.3E+13  -2.3E+13  -1.1E+13         0         0  -5.2E+12  -1.9E+13  -2.1E+13  -1.7E+13  -1.8E+13  -1.3E+13  -1.0E+13  -1.4E+13  -1.5E+13  -1.6E+13  -1.6E+13  -1.8E+13  -1.6E+13  -2.2E+13         0         0  -2.6E+13  -2.0E+13  -1.2E+13  -1.8E+13  -2.0E+13  -2.1E+13  -2.6E+13         0  -1.9E+13  -2.1E+13  -2.3E+13  -2.3E+13  -2.8E+13  -2.7E+13  -2.2E+13
-1.7E+13  -2.0E+13  -1.8E+13  -4.6E+12         0   1.9E+13  -1.9E+12  -1.7E+13  -1.8E+13  -1.2E+13  -1.3E+13  -1.5E+13  -1.6E+13  -1.7E+13  -1.7E+13  -1.7E+13  -2.1E+13  -2.2E+13  -2.6E+13         0  -2.2E+13  -2.3E+13  -6.3E+12  -7.5E+12  -6.7E+12  -5.7E+12  -1.4E+13  -1.6E+13  -1.5E+13  -1.2E+13  -2.4E+13  -1.5E+13  -1.1E+13  -8.6E+12  -1.3E+13  -1.6E+13
-5.7E+12  -1.0E+13  -7.6E+12   2.9E+12  -4.3E+12   2.0E+13   3.7E+12  -9.9E+12  -1.7E+13  -1.4E+13  -1.4E+13  -1.4E+13  -1.3E+13  -1.1E+13  -9.4E+12  -7.5E+12  -7.2E+12  -1.8E+13   1.6E+12         0  -2.1E+13  -1.1E+13  -9.8E+11   1.8E+12   5.5E+12   1.7E+13   1.6E+13  -1.8E+11   1.9E+13   2.4E+13   4.0E+13   3.5E+13   3.4E+13   3.0E+13   2.4E+13   5.4E+12
2.7E+13    2.4E+13   2.7E+13   3.1E+13   4.4E+13   2.9E+13   1.9E+13   6.3E+12  -8.0E+12  -4.6E+12  -2.4E+12  -4.5E+11   1.1E+12   3.2E+12   1.7E+13   2.1E+13   2.0E+13   4.9E+12   1.4E+12         0  -1.5E+13  -1.8E+13  -1.9E+13  -1.9E+13   1.0E+13   2.2E+13   3.1E+13   3.3E+13   3.9E+13   4.5E+13   5.3E+13   4.3E+13   4.6E+13   4.6E+13   4.1E+13   3.3E+13
3.3E+13    3.1E+13   3.2E+13   3.1E+13   4.7E+13   6.7E+13   5.9E+13   3.3E+13   1.7E+13   2.8E+12  -3.2E+12   1.1E+13   1.6E+13   2.6E+13   3.1E+13   3.2E+13   3.2E+13   2.7E+13   2.0E+13         0  -1.0E+13  -2.0E+13  -2.2E+13  -2.4E+13  -3.1E+12   1.4E+13   1.9E+13   2.7E+13   3.3E+13   3.1E+13   3.5E+13   3.6E+13   3.9E+13   4.0E+13   4.1E+13   3.7E+13
3.0E+13    2.9E+13   3.8E+13   4.2E+13   5.3E+13   6.6E+13   7.7E+13   7.0E+13   4.2E+13   2.6E+13   1.4E+13   1.0E+13   1.1E+13   2.0E+13   3.1E+13   3.4E+13   3.5E+13   3.7E+13   4.0E+13   3.0E+13   2.2E+13  -1.3E+13  -2.3E+13  -3.3E+13  -3.7E+13  -2.8E+13  -1.5E+13  -2.5E+12   1.8E+12   8.5E+11  -1.4E+13   3.4E+12   2.6E+13   2.9E+13   3.2E+13   3.1E+13
1.6E+13   -3.0E+12   1.6E+13   3.1E+13   3.9E+13   5.9E+13   7.3E+13   6.9E+13   7.8E+13   7.9E+13   5.8E+13   4.8E+13   4.0E+13   3.3E+13   2.7E+13   2.2E+13   1.4E+13   1.3E+13   5.8E+12   6.7E+12   1.6E+13   2.7E+13   3.0E+13   0.0E+00  -6.9E+10  -3.2E+10  -8.8E+10  -1.5E+11  -6.8E+10  -5.3E+10   5.5E+09   9.0E+11   5.5E+13   3.9E+13   5.3E+13   2.7E+13
      0    0.0E+00   5.0E+10   0.0E+00   0.0E+00   0.0E+00   0.0E+00   0.0E+00   0.0E+00   0.0E+00   5.0E+11   0.0E+00   0.0E+00   0.0E+00   0.0E+00   0.0E+00   8.1E+11   1.5E+12   1.0E+12   0.0E+00   0.0E+00   0.0E+00   1.9E+11   1.9E+11   1.6E+11   1.6E+11   1.4E+11   2.3E+11   2.8E+11   9.4E+10   0.0E+00   0.0E+00   0.0E+00   0.0E+00   0.0E+00         0
      0          0         0         0         0         0         0         0         0         0         0         0         0         0         0         0         0         0         0         0         0         0         0         0         0         0         0         0         0         0         0         0         0         0         0         0