-START-OF-DATA-
0.0	2.780000E-04
1.5	2.780516E-04
2.5	2.781062E-04
3.5	2.782204E-04
4.5	2.783431E-04
5.5	2.784706E-04
6.5	2.786005E-04
7.5	2.787328E-04
8.5	2.788688E-04
9.5	2.790091E-04
10.5	2.791532E-04
11.5	2.793018E-04
12.5	2.794568E-04
13.5	2.796181E-04
14.5	2.797819E-04
15.5	2.799432E-04
16.5	2.800974E-04
17.5	2.802428E-04
18.5	2.803817E-04
19.5	2.805183E-04
20.5	2.806572E-04
21.5	2.808026E-04
22.5	2.809568E-04
23.5	2.811181E-04
24.5	2.812819E-04
25.5	2.814432E-04
26.5	2.815982E-04
27.5	2.817468E-04
28.5	2.818909E-04
29.5	2.820312E-04
30.5	2.821673E-04
31.5	2.822990E-04
32.5	2.824268E-04
33.5	2.825509E-04
34.5	2.826712E-04
35.5	2.827873E-04
36.5	2.828990E-04
37.5	2.830068E-04
38.5	2.831109E-04
39.5	2.832113E-04
40.5	2.833074E-04
41.5	2.833996E-04
42.5	2.834898E-04
43.5	2.835780E-04
44.5	2.836612E-04
45.5	2.837351E-04
46.5	2.837968E-04
47.5	2.838467E-04
48.5	2.838885E-04
49.5	2.839261E-04
50.5	2.839627E-04
51.5	2.840011E-04
52.5	2.840427E-04
53.5	2.840861E-04
54.5	2.841285E-04
55.5	2.841667E-04
56.5	2.841982E-04
57.5	2.842233E-04
58.5	2.842443E-04
59.5	2.842631E-04
60.5	2.842813E-04
61.5	2.843003E-04
62.5	2.843200E-04
63.5	2.843400E-04
64.5	2.843600E-04
65.5	2.843800E-04
66.5	2.844000E-04
67.5	2.843850E-04
68.5	2.842800E-04
69.5	2.841250E-04
70.5	2.839750E-04
71.5	2.838250E-04
72.5	2.836750E-04
73.5	2.835250E-04
74.5	2.834250E-04
75.5	2.834000E-04
76.5	2.834000E-04
77.5	2.834250E-04
78.5	2.835000E-04
79.5	2.836000E-04
80.5	2.837250E-04
81.5	2.839000E-04
82.5	2.840750E-04
83.5	2.842250E-04
84.5	2.844000E-04
85.5	2.845750E-04
86.5	2.847250E-04
87.5	2.848750E-04
88.5	2.850000E-04
89.5	2.851250E-04
90.5	2.852750E-04
91.5	2.854250E-04
92.5	2.855750E-04
93.5	2.857250E-04
94.5	2.859000E-04
95.5	2.860750E-04
96.5	2.862250E-04
97.5	2.863750E-04
98.5	2.865000E-04
99.5	2.866250E-04
100.5	2.867750E-04
101.5	2.869000E-04
102.5	2.870000E-04
103.5	2.871000E-04
104.5	2.872250E-04
105.5	2.873750E-04
106.5	2.875250E-04
107.5	2.877000E-04
108.5	2.879000E-04
109.5	2.881250E-04
110.5	2.884000E-04
111.5	2.887000E-04
112.5	2.890250E-04
113.5	2.894000E-04
114.5	2.898000E-04
115.5	2.902250E-04
116.5	2.907000E-04
117.5	2.912000E-04
118.5	2.916750E-04
119.5	2.921250E-04
120.5	2.925750E-04
121.5	2.929750E-04
122.5	2.933000E-04
123.5	2.935750E-04
124.5	2.938000E-04
125.5	2.940000E-04
126.5	2.941750E-04
127.5	2.943250E-04
128.5	2.944750E-04
129.5	2.946000E-04
130.5	2.947000E-04
131.5	2.948000E-04
132.5	2.949000E-04
133.5	2.950250E-04
134.5	2.952250E-04
135.5	2.955000E-04
136.5	2.958000E-04
137.5	2.961250E-04
138.5	2.964750E-04
139.5	2.968250E-04
140.5	2.972000E-04
141.5	2.976250E-04
142.5	2.980750E-04
143.5	2.985000E-04
144.5	2.989000E-04
145.5	2.993000E-04
146.5	2.997000E-04
147.5	3.000750E-04
148.5	3.004250E-04
149.5	3.007750E-04
150.5	3.011000E-04
151.5	3.014000E-04
152.5	3.017250E-04
153.5	3.020750E-04
154.5	3.024000E-04
155.5	3.027000E-04
156.5	3.030250E-04
157.5	3.034000E-04
158.5	3.037750E-04
159.5	3.041250E-04
160.5	3.045250E-04
161.5	3.049750E-04
162.5	3.054000E-04
163.5	3.058250E-04
164.5	3.063000E-04
165.5	3.067750E-04
166.5	3.072250E-04
167.5	3.077000E-04
168.5	3.081750E-04
169.5	3.086000E-04
170.5	3.090000E-04
171.5	3.094000E-04
172.5	3.097500E-04
173.5	3.100000E-04
174.5	3.101750E-04
175.5	3.103000E-04
176.5	3.103750E-04
177.5	3.103750E-04
178.5	3.103000E-04
179.5	3.102000E-04
180.5	3.101250E-04
181.5	3.101000E-04
182.5	3.101250E-04
183.5	3.102000E-04
184.5	3.103250E-04
185.5	3.105000E-04
186.5	3.107500E-04
187.5	3.111000E-04
188.5	3.115000E-04
189.5	3.119250E-04
190.5	3.124250E-04
191.5	3.130000E-04
192.5	3.136000E-04
193.5	3.142250E-04
194.5	3.148475E-04
195.5	3.155000E-04
196.5	3.162725E-04
197.5	3.170750E-04
198.5	3.177950E-04
199.5	3.183975E-04
200.5	3.189250E-04
201.5	3.196475E-04
202.5	3.206475E-04
203.5	3.216050E-04
204.5	3.226350E-04
205.5	3.239025E-04
206.5	3.249850E-04
207.5	3.258550E-04
208.5	3.271400E-04
209.5	3.286775E-04
210.5	3.297425E-04
211.5	3.305850E-04
212.5	3.317475E-04
213.5	3.332725E-04
214.5	3.348475E-04
215.5	3.365250E-04
216.5	3.383600E-04
217.5	3.397275E-04
218.5	3.407925E-04
219.5	3.421975E-04
220.5	3.437825E-04
221.5	3.452825E-04
222.5	3.467975E-04
223.5	3.486450E-04
224.5	3.507375E-04
225.5	3.524875E-04
226.5	3.538550E-04
227.5	3.550175E-04
228.5	3.558850E-04
229.5	3.567775E-04
230.5	3.581275E-04
231.5	3.598375E-04
232.5	3.614625E-04
233.5	3.631550E-04
234.5	3.653225E-04
235.5	3.673475E-04
236.5	3.688650E-04
237.5	3.704675E-04
238.5	3.725225E-04
239.5	3.747600E-04
240.5	3.768125E-04
241.5	3.788125E-04
242.5	3.808275E-04
243.5	3.827775E-04
244.5	3.848000E-04
245.5	3.870005E-04
246.5	3.892852E-04
247.5	3.915625E-04
248.5	3.938427E-04
249.5	3.961173E-04
250.5	3.983957E-04
251.5	4.006807E-04
252.5	4.029683E-04
253.5	4.052518E-04
254.5	4.075288E-04
255.5	4.098003E-04
256.5	4.120678E-04
257.5	4.143257E-04
258.5	4.165166E-04
259.5	4.186032E-04
260.5	4.206013E-04
261.5	4.225158E-04
262.5	4.243490E-04
263.5	4.260968E-04
264.5	4.277523E-04
265.5	4.293138E-04
266.5	4.307832E-04
267.5	4.321634E-04
268.5	4.334362E-04
269.5	4.345927E-04
270.5	4.356530E-04
271.5	4.366280E-04
272.5	4.375216E-04
273.5	4.383343E-04
274.5	4.390602E-04
275.5	4.396906E-04
276.5	4.402224E-04
277.5	4.406567E-04
278.5	4.410248E-04
279.5	4.413465E-04
280.5	4.416210E-04
281.5	4.418644E-04
282.5	4.420848E-04
283.5	4.422834E-04
284.5	4.424583E-04
285.5	4.426009E-04
286.5	4.427005E-04
287.5	4.427518E-04
288.5	4.427610E-04
289.5	4.427342E-04
290.5	4.426626E-04
291.5	4.425477E-04
292.5	4.424064E-04
293.5	4.422483E-04
294.5	4.420754E-04
295.5	4.418863E-04
296.5	4.416727E-04
297.5	4.414242E-04
298.5	4.411345E-04
299.5	4.408028E-04
300.5	4.404304E-04
301.5	4.400102E-04
302.5	4.395447E-04
303.5	4.390522E-04
304.5	4.385429E-04
305.5	4.380193E-04
306.5	4.374806E-04
307.5	4.369188E-04
308.5	4.363425E-04
309.5	4.357644E-04
310.5	4.351819E-04
311.5	4.345950E-04
312.5	4.339954E-04
313.5	4.333846E-04
314.5	4.327796E-04
315.5	4.321898E-04
316.5	4.316166E-04
317.5	4.310585E-04
318.5	4.305103E-04
319.5	4.299641E-04
320.5	4.294141E-04
321.5	4.288591E-04
322.5	4.282991E-04
323.5	4.277265E-04
324.5	4.271431E-04
325.5	4.265661E-04
326.5	4.260047E-04
327.5	4.254607E-04
328.5	4.249375E-04
329.5	4.244313E-04
330.5	4.239308E-04
331.5	4.234306E-04
332.5	4.229295E-04
333.5	4.224276E-04
334.5	4.219175E-04
335.5	4.214011E-04
336.5	4.208955E-04
337.5	4.204100E-04
338.5	4.199453E-04
339.5	4.194983E-04
340.5	4.190598E-04
341.5	4.186190E-04
342.5	4.181708E-04
343.5	4.177145E-04
344.5	4.172507E-04
345.5	4.167722E-04
346.5	4.162813E-04
347.5	4.157952E-04
348.5	4.153232E-04
349.5	4.148670E-04
350.5	4.144250E-04
351.5	4.139889E-04
352.5	4.135487E-04
353.5	4.130994E-04
354.5	4.126408E-04
355.5	4.121734E-04
356.5	4.116905E-04
357.5	4.111944E-04
358.5	4.107023E-04
359.5	4.102234E-04
360.5	4.097593E-04
361.5	4.093085E-04
362.5	4.088627E-04
363.5	4.084166E-04
364.5	4.079696E-04
365.5	4.075207E-04
366.5	4.070705E-04
367.5	4.066119E-04
368.5	4.061471E-04
369.5	4.056929E-04
370.5	4.052581E-04
371.5	4.048441E-04
372.5	4.044492E-04
373.5	4.040651E-04
374.5	4.036816E-04
375.5	4.032942E-04
376.5	4.029023E-04
377.5	4.025066E-04
378.5	4.021006E-04
379.5	4.016865E-04
380.5	4.012813E-04
381.5	4.008938E-04
382.5	4.005252E-04
383.5	4.001740E-04
384.5	3.998320E-04
385.5	3.994893E-04
386.5	3.991413E-04
387.5	3.987877E-04
388.5	3.984293E-04
389.5	3.980595E-04
390.5	3.976809E-04
391.5	3.973102E-04
392.5	3.969562E-04
393.5	3.966201E-04
394.5	3.963003E-04
395.5	3.959887E-04
396.5	3.956755E-04
397.5	3.953563E-04
398.5	3.950309E-04
399.5	3.946999E-04
400.5	3.943570E-04
401.5	3.940049E-04
402.5	3.936601E-04
403.5	3.933313E-04
404.5	3.930197E-04
405.5	3.927237E-04
406.5	3.924353E-04
407.5	3.921446E-04
408.5	3.918474E-04
409.5	3.915435E-04
410.5	3.912337E-04
411.5	3.909117E-04
412.5	3.905802E-04
413.5	3.902557E-04
414.5	3.899467E-04
415.5	3.896544E-04
416.5	3.893771E-04
417.5	3.891069E-04
418.5	3.888340E-04
419.5	3.885544E-04
420.5	3.882677E-04
421.5	3.879747E-04
422.5	3.876695E-04
423.5	3.873547E-04
424.5	3.870465E-04
425.5	3.867535E-04
426.5	3.864769E-04
427.5	3.862149E-04
428.5	3.859595E-04
429.5	3.857012E-04
430.5	3.854358E-04
431.5	3.851632E-04
432.5	3.848842E-04
433.5	3.845929E-04
434.5	3.842918E-04
435.5	3.839974E-04
436.5	3.837178E-04
437.5	3.834543E-04
438.5	3.832050E-04
439.5	3.829620E-04
440.5	3.827159E-04
441.5	3.824626E-04
442.5	3.822019E-04
443.5	3.819347E-04
444.5	3.816551E-04
445.5	3.813659E-04
446.5	3.810830E-04
447.5	3.808149E-04
448.5	3.805626E-04
449.5	3.803243E-04
450.5	3.800920E-04
451.5	3.798564E-04
452.5	3.796135E-04
453.5	3.793630E-04
454.5	3.791060E-04
455.5	3.788367E-04
456.5	3.785577E-04
457.5	3.782850E-04
458.5	3.780270E-04
459.5	3.777845E-04
460.5	3.775556E-04
461.5	3.773327E-04
462.5	3.771063E-04
463.5	3.768725E-04
464.5	3.766311E-04
465.5	3.763831E-04
466.5	3.761227E-04
467.5	3.758528E-04
468.5	3.755892E-04
469.5	3.753401E-04
470.5	3.751063E-04
471.5	3.748860E-04
472.5	3.746713E-04
473.5	3.744531E-04
474.5	3.742274E-04
475.5	3.739941E-04
476.5	3.737541E-04
477.5	3.735018E-04
478.5	3.732401E-04
479.5	3.729847E-04
480.5	3.727435E-04
481.5	3.725176E-04
482.5	3.723049E-04
483.5	3.720977E-04
484.5	3.718869E-04
485.5	3.716685E-04
486.5	3.714425E-04
487.5	3.712098E-04
488.5	3.709649E-04
489.5	3.707106E-04
490.5	3.704626E-04
491.5	3.702287E-04
492.5	3.700099E-04
493.5	3.698042E-04
494.5	3.696039E-04
495.5	3.693998E-04
496.5	3.691881E-04
497.5	3.689687E-04
498.5	3.687427E-04
499.5	3.685044E-04
500.5	3.682569E-04
501.5	3.680157E-04
502.5	3.677886E-04
503.5	3.675764E-04
504.5	3.673770E-04
505.5	3.671829E-04
506.5	3.669850E-04
507.5	3.667794E-04
508.5	3.665662E-04
509.5	3.663463E-04
510.5	3.661142E-04
511.5	3.658730E-04
512.5	3.656381E-04
513.5	3.654171E-04
514.5	3.652110E-04
515.5	3.650176E-04
516.5	3.648292E-04
517.5	3.646370E-04
518.5	3.644371E-04
519.5	3.642295E-04
520.5	3.640153E-04
521.5	3.637890E-04
522.5	3.635536E-04
523.5	3.633245E-04
524.5	3.631094E-04
525.5	3.629088E-04
526.5	3.627209E-04
527.5	3.625379E-04
528.5	3.623510E-04
529.5	3.621564E-04
530.5	3.619541E-04
531.5	3.617451E-04
532.5	3.615241E-04
533.5	3.612942E-04
534.5	3.610706E-04
535.5	3.608608E-04
536.5	3.606656E-04
537.5	3.604828E-04
538.5	3.603048E-04
539.5	3.601228E-04
540.5	3.599331E-04
541.5	3.597357E-04
542.5	3.595317E-04
543.5	3.593157E-04
544.5	3.590910E-04
545.5	3.588724E-04
546.5	3.586677E-04
547.5	3.584774E-04
548.5	3.582994E-04
549.5	3.581261E-04
550.5	3.579488E-04
551.5	3.577637E-04
552.5	3.575709E-04
553.5	3.573715E-04
554.5	3.571603E-04
555.5	3.569403E-04
556.5	3.567266E-04
557.5	3.565266E-04
558.5	3.563410E-04
559.5	3.561675E-04
560.5	3.559986E-04
561.5	3.558256E-04
562.5	3.556448E-04
563.5	3.554564E-04
564.5	3.552613E-04
565.5	3.550545E-04
566.5	3.548391E-04
567.5	3.546300E-04
568.5	3.544345E-04
569.5	3.542532E-04
570.5	3.540840E-04
571.5	3.539192E-04
572.5	3.537503E-04
573.5	3.535737E-04
574.5	3.533894E-04
575.5	3.531984E-04
576.5	3.529958E-04
577.5	3.527846E-04
578.5	3.525798E-04
579.5	3.523886E-04
580.5	3.522115E-04
581.5	3.520463E-04
582.5	3.518854E-04
583.5	3.517204E-04
584.5	3.515476E-04
585.5	3.513672E-04
586.5	3.511801E-04
587.5	3.509814E-04
588.5	3.507744E-04
589.5	3.505736E-04
590.5	3.503865E-04
591.5	3.502133E-04
592.5	3.500519E-04
593.5	3.498947E-04
594.5	3.497334E-04
595.5	3.495643E-04
596.5	3.493875E-04
597.5	3.492041E-04
598.5	3.490092E-04
599.5	3.488060E-04
600.5	3.486092E-04
601.5	3.484258E-04
602.5	3.482564E-04
603.5	3.480986E-04
604.5	3.479450E-04
605.5	3.477871E-04
606.5	3.476215E-04
607.5	3.474482E-04
608.5	3.472683E-04
609.5	3.470770E-04
610.5	3.468775E-04
611.5	3.466844E-04
612.5	3.465046E-04
613.5	3.463388E-04
614.5	3.461844E-04
615.5	3.460342E-04
616.5	3.458796E-04
617.5	3.457173E-04
618.5	3.455473E-04
619.5	3.453707E-04
620.5	3.451829E-04
621.5	3.449869E-04
622.5	3.447973E-04
623.5	3.446211E-04
624.5	3.444586E-04
625.5	3.443075E-04
626.5	3.441604E-04
627.5	3.440090E-04
628.5	3.438498E-04
629.5	3.436830E-04
630.5	3.435097E-04
631.5	3.433251E-04
632.5	3.431324E-04
633.5	3.429462E-04
634.5	3.427733E-04
635.5	3.426141E-04
636.5	3.424661E-04
637.5	3.423221E-04
638.5	3.421737E-04
639.5	3.420175E-04
640.5	3.418538E-04
641.5	3.416834E-04
642.5	3.415019E-04
643.5	3.413125E-04
644.5	3.411296E-04
645.5	3.409599E-04
646.5	3.408037E-04
647.5	3.406588E-04
648.5	3.405177E-04
649.5	3.403722E-04
650.5	3.402188E-04
651.5	3.400580E-04
652.5	3.398905E-04
653.5	3.397120E-04
654.5	3.395257E-04
655.5	3.393458E-04
656.5	3.391792E-04
657.5	3.390260E-04
658.5	3.388840E-04
659.5	3.387457E-04
660.5	3.386029E-04
661.5	3.384523E-04
662.5	3.382942E-04
663.5	3.381296E-04
664.5	3.379539E-04
665.5	3.377706E-04
666.5	3.375937E-04
667.5	3.374300E-04
668.5	3.372797E-04
669.5	3.371404E-04
670.5	3.370047E-04
671.5	3.368646E-04
672.5	3.367167E-04
673.5	3.365612E-04
674.5	3.363992E-04
675.5	3.362264E-04
676.5	3.360459E-04
677.5	3.358718E-04
678.5	3.357109E-04
679.5	3.355634E-04
680.5	3.354267E-04
681.5	3.352936E-04
682.5	3.351560E-04
683.5	3.350107E-04
684.5	3.348577E-04
685.5	3.346983E-04
686.5	3.345281E-04
687.5	3.343504E-04
688.5	3.341791E-04
689.5	3.340209E-04
690.5	3.338760E-04
691.5	3.337419E-04
692.5	3.336113E-04
693.5	3.334761E-04
694.5	3.333332E-04
695.5	3.331827E-04
696.5	3.330258E-04
697.5	3.328581E-04
698.5	3.326830E-04
699.5	3.325144E-04
700.5	3.323588E-04
701.5	3.322165E-04
702.5	3.320848E-04
703.5	3.319565E-04
704.5	3.318237E-04
705.5	3.316831E-04
706.5	3.315350E-04
707.5	3.313805E-04
708.5	3.312152E-04
709.5	3.310427E-04
710.5	3.308766E-04
711.5	3.307236E-04
712.5	3.305837E-04
713.5	3.304544E-04
714.5	3.303285E-04
715.5	3.301979E-04
716.5	3.300595E-04
717.5	3.299137E-04
718.5	3.297614E-04
719.5	3.295986E-04
720.5	3.294285E-04
721.5	3.292650E-04
722.5	3.291144E-04
723.5	3.289768E-04
724.5	3.288498E-04
725.5	3.287261E-04
726.5	3.285977E-04
727.5	3.284615E-04
728.5	3.283179E-04
729.5	3.281678E-04
730.5	3.280073E-04
731.5	3.278395E-04
732.5	3.276784E-04
733.5	3.275302E-04
734.5	3.273950E-04
735.5	3.272701E-04
736.5	3.272098E-04
999999999	2.780000E-04
-END-OF-DATA-
