-START-OF-DATA-
0.0	2.780000E-04
1.5	2.780516E-04
2.5	2.781062E-04
3.5	2.782204E-04
4.5	2.783431E-04
5.5	2.784706E-04
6.5	2.786005E-04
7.5	2.787328E-04
8.5	2.788688E-04
9.5	2.790091E-04
10.5	2.791532E-04
11.5	2.793018E-04
12.5	2.794568E-04
13.5	2.796181E-04
14.5	2.797819E-04
15.5	2.799432E-04
16.5	2.800974E-04
17.5	2.802428E-04
18.5	2.803817E-04
19.5	2.805183E-04
20.5	2.806572E-04
21.5	2.808026E-04
22.5	2.809568E-04
23.5	2.811181E-04
24.5	2.812819E-04
25.5	2.814432E-04
26.5	2.815982E-04
27.5	2.817468E-04
28.5	2.818909E-04
29.5	2.820312E-04
30.5	2.821673E-04
31.5	2.822990E-04
32.5	2.824268E-04
33.5	2.825509E-04
34.5	2.826712E-04
35.5	2.827873E-04
36.5	2.828990E-04
37.5	2.830068E-04
38.5	2.831109E-04
39.5	2.832113E-04
40.5	2.833074E-04
41.5	2.833996E-04
42.5	2.834898E-04
43.5	2.835780E-04
44.5	2.836612E-04
45.5	2.837351E-04
46.5	2.837968E-04
47.5	2.838467E-04
48.5	2.838885E-04
49.5	2.839261E-04
50.5	2.839627E-04
51.5	2.840011E-04
52.5	2.840427E-04
53.5	2.840861E-04
54.5	2.841285E-04
55.5	2.841667E-04
56.5	2.841982E-04
57.5	2.842233E-04
58.5	2.842443E-04
59.5	2.842631E-04
60.5	2.842813E-04
61.5	2.843003E-04
62.5	2.843200E-04
63.5	2.843400E-04
64.5	2.843600E-04
65.5	2.843800E-04
66.5	2.844000E-04
67.5	2.843850E-04
68.5	2.842800E-04
69.5	2.841250E-04
70.5	2.839750E-04
71.5	2.838250E-04
72.5	2.836750E-04
73.5	2.835250E-04
74.5	2.834250E-04
75.5	2.834000E-04
76.5	2.834000E-04
77.5	2.834250E-04
78.5	2.835000E-04
79.5	2.836000E-04
80.5	2.837250E-04
81.5	2.839000E-04
82.5	2.840750E-04
83.5	2.842250E-04
84.5	2.844000E-04
85.5	2.845750E-04
86.5	2.847250E-04
87.5	2.848750E-04
88.5	2.850000E-04
89.5	2.851250E-04
90.5	2.852750E-04
91.5	2.854250E-04
92.5	2.855750E-04
93.5	2.857250E-04
94.5	2.859000E-04
95.5	2.860750E-04
96.5	2.862250E-04
97.5	2.863750E-04
98.5	2.865000E-04
99.5	2.866250E-04
100.5	2.867750E-04
101.5	2.869000E-04
102.5	2.870000E-04
103.5	2.871000E-04
104.5	2.872250E-04
105.5	2.873750E-04
106.5	2.875250E-04
107.5	2.877000E-04
108.5	2.879000E-04
109.5	2.881250E-04
110.5	2.884000E-04
111.5	2.887000E-04
112.5	2.890250E-04
113.5	2.894000E-04
114.5	2.898000E-04
115.5	2.902250E-04
116.5	2.907000E-04
117.5	2.912000E-04
118.5	2.916750E-04
119.5	2.921250E-04
120.5	2.925750E-04
121.5	2.929750E-04
122.5	2.933000E-04
123.5	2.935750E-04
124.5	2.938000E-04
125.5	2.940000E-04
126.5	2.941750E-04
127.5	2.943250E-04
128.5	2.944750E-04
129.5	2.946000E-04
130.5	2.947000E-04
131.5	2.948000E-04
132.5	2.949000E-04
133.5	2.950250E-04
134.5	2.952250E-04
135.5	2.955000E-04
136.5	2.958000E-04
137.5	2.961250E-04
138.5	2.964750E-04
139.5	2.968250E-04
140.5	2.972000E-04
141.5	2.976250E-04
142.5	2.980750E-04
143.5	2.985000E-04
144.5	2.989000E-04
145.5	2.993000E-04
146.5	2.997000E-04
147.5	3.000750E-04
148.5	3.004250E-04
149.5	3.007750E-04
150.5	3.011000E-04
151.5	3.014000E-04
152.5	3.017250E-04
153.5	3.020750E-04
154.5	3.024000E-04
155.5	3.027000E-04
156.5	3.030250E-04
157.5	3.034000E-04
158.5	3.037750E-04
159.5	3.041250E-04
160.5	3.045250E-04
161.5	3.049750E-04
162.5	3.054000E-04
163.5	3.058250E-04
164.5	3.063000E-04
165.5	3.067750E-04
166.5	3.072250E-04
167.5	3.077000E-04
168.5	3.081750E-04
169.5	3.086000E-04
170.5	3.090000E-04
171.5	3.094000E-04
172.5	3.097500E-04
173.5	3.100000E-04
174.5	3.101750E-04
175.5	3.103000E-04
176.5	3.103750E-04
177.5	3.103750E-04
178.5	3.103000E-04
179.5	3.102000E-04
180.5	3.101250E-04
181.5	3.101000E-04
182.5	3.101250E-04
183.5	3.102000E-04
184.5	3.103250E-04
185.5	3.105000E-04
186.5	3.107500E-04
187.5	3.111000E-04
188.5	3.115000E-04
189.5	3.119250E-04
190.5	3.124250E-04
191.5	3.130000E-04
192.5	3.136000E-04
193.5	3.142250E-04
194.5	3.148475E-04
195.5	3.155000E-04
196.5	3.162725E-04
197.5	3.170750E-04
198.5	3.177950E-04
199.5	3.183975E-04
200.5	3.189250E-04
201.5	3.196475E-04
202.5	3.206475E-04
203.5	3.216050E-04
204.5	3.226350E-04
205.5	3.239025E-04
206.5	3.249850E-04
207.5	3.258550E-04
208.5	3.271400E-04
209.5	3.286775E-04
210.5	3.297425E-04
211.5	3.305850E-04
212.5	3.317475E-04
213.5	3.332725E-04
214.5	3.348475E-04
215.5	3.365250E-04
216.5	3.383600E-04
217.5	3.397275E-04
218.5	3.407925E-04
219.5	3.421975E-04
220.5	3.437825E-04
221.5	3.452825E-04
222.5	3.467975E-04
223.5	3.486450E-04
224.5	3.507375E-04
225.5	3.524875E-04
226.5	3.538550E-04
227.5	3.550175E-04
228.5	3.558850E-04
229.5	3.567775E-04
230.5	3.581275E-04
231.5	3.598375E-04
232.5	3.614625E-04
233.5	3.631550E-04
234.5	3.653225E-04
235.5	3.673475E-04
236.5	3.688650E-04
237.5	3.704675E-04
238.5	3.725225E-04
239.5	3.747600E-04
240.5	3.768125E-04
241.5	3.788125E-04
242.5	3.808275E-04
243.5	3.827775E-04
244.5	3.848000E-04
245.5	3.870123E-04
246.5	3.893242E-04
247.5	3.916380E-04
248.5	3.940087E-04
249.5	3.964638E-04
250.5	3.990040E-04
251.5	4.016279E-04
252.5	4.043282E-04
253.5	4.070959E-04
254.5	4.099270E-04
255.5	4.128215E-04
256.5	4.157802E-04
257.5	4.187963E-04
258.5	4.218644E-04
259.5	4.249947E-04
260.5	4.281973E-04
261.5	4.314747E-04
262.5	4.348262E-04
263.5	4.382446E-04
264.5	4.417208E-04
265.5	4.452509E-04
266.5	4.488349E-04
267.5	4.524736E-04
268.5	4.561770E-04
269.5	4.599640E-04
270.5	4.638518E-04
271.5	4.678500E-04
272.5	4.719605E-04
273.5	4.761824E-04
274.5	4.805080E-04
275.5	4.849272E-04
276.5	4.894355E-04
277.5	4.940324E-04
278.5	4.987297E-04
279.5	5.035296E-04
280.5	5.084327E-04
281.5	5.134561E-04
282.5	5.186106E-04
283.5	5.239001E-04
284.5	5.293242E-04
285.5	5.348752E-04
286.5	5.405428E-04
287.5	5.463220E-04
288.5	5.522119E-04
289.5	5.582122E-04
290.5	5.643131E-04
291.5	5.705167E-04
292.5	5.768434E-04
293.5	5.833047E-04
294.5	5.899054E-04
295.5	5.966466E-04
296.5	6.035205E-04
297.5	6.105165E-04
298.5	6.176053E-04
299.5	6.247637E-04
300.5	6.319947E-04
301.5	6.392905E-04
302.5	6.466527E-04
303.5	6.540984E-04
304.5	6.616449E-04
305.5	6.693047E-04
306.5	6.770776E-04
307.5	6.849543E-04
308.5	6.929020E-04
309.5	7.008942E-04
310.5	7.089316E-04
311.5	7.170155E-04
312.5	7.251360E-04
313.5	7.333067E-04
314.5	7.415237E-04
315.5	7.498047E-04
316.5	7.581823E-04
317.5	7.666445E-04
318.5	7.751745E-04
319.5	7.837514E-04
320.5	7.923658E-04
321.5	8.010188E-04
322.5	8.097146E-04
323.5	8.184221E-04
324.5	8.271572E-04
325.5	8.359559E-04
326.5	8.448047E-04
327.5	8.537254E-04
328.5	8.627260E-04
329.5	8.717768E-04
330.5	8.808644E-04
331.5	8.899816E-04
332.5	8.991241E-04
333.5	9.082887E-04
334.5	9.174714E-04
335.5	9.266653E-04
336.5	9.358744E-04
337.5	9.451321E-04
338.5	9.544662E-04
339.5	9.638391E-04
340.5	9.732408E-04
341.5	9.826804E-04
342.5	9.921429E-04
343.5	1.001631E-03
344.5	1.011119E-03
345.5	1.020609E-03
346.5	1.030100E-03
347.5	1.039589E-03
348.5	1.049123E-03
349.5	1.058700E-03
350.5	1.068322E-03
351.5	1.078000E-03
352.5	1.087700E-03
353.5	1.097430E-03
354.5	1.107177E-03
355.5	1.116912E-03
356.5	1.126659E-03
357.5	1.136402E-03
358.5	1.146134E-03
359.5	1.155906E-03
360.5	1.165740E-03
361.5	1.175618E-03
362.5	1.185530E-03
363.5	1.195483E-03
364.5	1.205477E-03
365.5	1.215466E-03
366.5	1.225453E-03
367.5	1.235449E-03
368.5	1.245419E-03
369.5	1.255397E-03
370.5	1.265421E-03
371.5	1.275484E-03
372.5	1.285594E-03
373.5	1.295763E-03
374.5	1.305963E-03
375.5	1.316171E-03
376.5	1.326394E-03
377.5	1.336628E-03
378.5	1.346859E-03
379.5	1.357073E-03
380.5	1.367280E-03
381.5	1.377510E-03
382.5	1.387793E-03
383.5	1.398138E-03
384.5	1.408523E-03
385.5	1.418947E-03
386.5	1.429397E-03
387.5	1.439835E-03
388.5	1.450211E-03
389.5	1.460479E-03
390.5	1.470592E-03
391.5	1.480556E-03
392.5	1.490455E-03
393.5	1.500299E-03
394.5	1.510057E-03
395.5	1.519733E-03
396.5	1.529328E-03
397.5	1.538827E-03
398.5	1.548221E-03
399.5	1.557503E-03
400.5	1.566684E-03
401.5	1.575709E-03
402.5	1.584579E-03
403.5	1.593389E-03
404.5	1.602144E-03
405.5	1.610823E-03
406.5	1.619419E-03
407.5	1.627928E-03
408.5	1.636342E-03
409.5	1.644654E-03
410.5	1.652862E-03
411.5	1.660947E-03
412.5	1.668871E-03
413.5	1.676649E-03
414.5	1.684348E-03
415.5	1.691986E-03
416.5	1.699554E-03
417.5	1.707054E-03
418.5	1.714467E-03
419.5	1.721786E-03
420.5	1.728999E-03
421.5	1.736073E-03
422.5	1.743020E-03
423.5	1.749827E-03
424.5	1.756485E-03
425.5	1.763047E-03
426.5	1.769542E-03
427.5	1.775972E-03
428.5	1.782328E-03
429.5	1.788599E-03
430.5	1.794761E-03
431.5	1.800800E-03
432.5	1.806733E-03
433.5	1.812520E-03
434.5	1.818142E-03
435.5	1.823650E-03
436.5	1.829056E-03
437.5	1.834373E-03
438.5	1.839612E-03
439.5	1.844781E-03
440.5	1.849868E-03
441.5	1.854849E-03
442.5	1.859711E-03
443.5	1.864447E-03
444.5	1.869036E-03
445.5	1.873467E-03
446.5	1.877784E-03
447.5	1.881995E-03
448.5	1.886110E-03
449.5	1.890155E-03
450.5	1.894131E-03
451.5	1.898012E-03
452.5	1.901777E-03
453.5	1.905424E-03
454.5	1.908960E-03
455.5	1.912345E-03
456.5	1.915547E-03
457.5	1.918622E-03
458.5	1.921613E-03
459.5	1.924523E-03
460.5	1.927352E-03
461.5	1.930100E-03
462.5	1.932751E-03
463.5	1.935293E-03
464.5	1.937713E-03
465.5	1.940010E-03
466.5	1.942158E-03
467.5	1.944157E-03
468.5	1.946028E-03
469.5	1.947776E-03
470.5	1.949439E-03
471.5	1.951012E-03
472.5	1.952514E-03
473.5	1.953943E-03
474.5	1.955272E-03
475.5	1.956460E-03
476.5	1.957493E-03
477.5	1.958428E-03
478.5	1.959190E-03
479.5	1.959771E-03
480.5	1.960285E-03
481.5	1.960729E-03
482.5	1.961067E-03
483.5	1.961319E-03
484.5	1.961496E-03
485.5	1.961568E-03
486.5	1.961577E-03
487.5	1.961577E-03
488.5	1.961577E-03
489.5	1.961577E-03
490.5	1.961577E-03
491.5	1.961577E-03
492.5	1.961577E-03
493.5	1.961577E-03
494.5	1.961577E-03
495.5	1.961577E-03
496.5	1.961577E-03
497.5	1.961577E-03
498.5	1.961577E-03
499.5	1.961577E-03
500.5	1.961577E-03
501.5	1.961577E-03
502.5	1.961577E-03
503.5	1.961577E-03
504.5	1.961577E-03
505.5	1.961577E-03
506.5	1.961577E-03
507.5	1.961577E-03
508.5	1.961577E-03
509.5	1.961577E-03
510.5	1.961577E-03
511.5	1.961577E-03
512.5	1.961577E-03
513.5	1.961577E-03
514.5	1.961577E-03
515.5	1.961577E-03
516.5	1.961577E-03
517.5	1.961577E-03
518.5	1.961577E-03
519.5	1.961577E-03
520.5	1.961577E-03
521.5	1.961577E-03
522.5	1.961577E-03
523.5	1.961577E-03
524.5	1.961577E-03
525.5	1.961577E-03
526.5	1.961577E-03
527.5	1.961577E-03
528.5	1.961577E-03
529.5	1.961577E-03
530.5	1.961577E-03
531.5	1.961577E-03
532.5	1.961577E-03
533.5	1.961577E-03
534.5	1.961577E-03
535.5	1.961577E-03
536.5	1.961577E-03
537.5	1.961577E-03
538.5	1.961577E-03
539.5	1.961577E-03
540.5	1.961577E-03
541.5	1.961577E-03
542.5	1.961577E-03
543.5	1.961577E-03
544.5	1.961577E-03
545.5	1.961577E-03
546.5	1.961577E-03
547.5	1.961577E-03
548.5	1.961577E-03
549.5	1.961577E-03
550.5	1.961577E-03
551.5	1.961577E-03
552.5	1.961577E-03
553.5	1.961577E-03
554.5	1.961577E-03
555.5	1.961577E-03
556.5	1.961577E-03
557.5	1.961577E-03
558.5	1.961577E-03
559.5	1.961577E-03
560.5	1.961577E-03
561.5	1.961577E-03
562.5	1.961577E-03
563.5	1.961577E-03
564.5	1.961577E-03
565.5	1.961577E-03
566.5	1.961577E-03
567.5	1.961577E-03
568.5	1.961577E-03
569.5	1.961577E-03
570.5	1.961577E-03
571.5	1.961577E-03
572.5	1.961577E-03
573.5	1.961577E-03
574.5	1.961577E-03
575.5	1.961577E-03
576.5	1.961577E-03
577.5	1.961577E-03
578.5	1.961577E-03
579.5	1.961577E-03
580.5	1.961577E-03
581.5	1.961577E-03
582.5	1.961577E-03
583.5	1.961577E-03
584.5	1.961577E-03
585.5	1.961577E-03
586.5	1.961577E-03
587.5	1.961577E-03
588.5	1.961577E-03
589.5	1.961577E-03
590.5	1.961577E-03
591.5	1.961577E-03
592.5	1.961577E-03
593.5	1.961577E-03
594.5	1.961577E-03
595.5	1.961577E-03
596.5	1.961577E-03
597.5	1.961577E-03
598.5	1.961577E-03
599.5	1.961577E-03
600.5	1.961577E-03
601.5	1.961577E-03
602.5	1.961577E-03
603.5	1.961577E-03
604.5	1.961577E-03
605.5	1.961577E-03
606.5	1.961577E-03
607.5	1.961577E-03
608.5	1.961577E-03
609.5	1.961577E-03
610.5	1.961577E-03
611.5	1.961577E-03
612.5	1.961577E-03
613.5	1.961577E-03
614.5	1.961577E-03
615.5	1.961577E-03
616.5	1.961577E-03
617.5	1.961577E-03
618.5	1.961577E-03
619.5	1.961577E-03
620.5	1.961577E-03
621.5	1.961577E-03
622.5	1.961577E-03
623.5	1.961577E-03
624.5	1.961577E-03
625.5	1.961577E-03
626.5	1.961577E-03
627.5	1.961577E-03
628.5	1.961577E-03
629.5	1.961577E-03
630.5	1.961577E-03
631.5	1.961577E-03
632.5	1.961577E-03
633.5	1.961577E-03
634.5	1.961577E-03
635.5	1.961577E-03
636.5	1.961577E-03
637.5	1.961577E-03
638.5	1.961577E-03
639.5	1.961577E-03
640.5	1.961577E-03
641.5	1.961577E-03
642.5	1.961577E-03
643.5	1.961577E-03
644.5	1.961577E-03
645.5	1.961577E-03
646.5	1.961577E-03
647.5	1.961577E-03
648.5	1.961577E-03
649.5	1.961577E-03
650.5	1.961577E-03
651.5	1.961577E-03
652.5	1.961577E-03
653.5	1.961577E-03
654.5	1.961577E-03
655.5	1.961577E-03
656.5	1.961577E-03
657.5	1.961577E-03
658.5	1.961577E-03
659.5	1.961577E-03
660.5	1.961577E-03
661.5	1.961577E-03
662.5	1.961577E-03
663.5	1.961577E-03
664.5	1.961577E-03
665.5	1.961577E-03
666.5	1.961577E-03
667.5	1.961577E-03
668.5	1.961577E-03
669.5	1.961577E-03
670.5	1.961577E-03
671.5	1.961577E-03
672.5	1.961577E-03
673.5	1.961577E-03
674.5	1.961577E-03
675.5	1.961577E-03
676.5	1.961577E-03
677.5	1.961577E-03
678.5	1.961577E-03
679.5	1.961577E-03
680.5	1.961577E-03
681.5	1.961577E-03
682.5	1.961577E-03
683.5	1.961577E-03
684.5	1.961577E-03
685.5	1.961577E-03
686.5	1.961577E-03
687.5	1.961577E-03
688.5	1.961577E-03
689.5	1.961577E-03
690.5	1.961577E-03
691.5	1.961577E-03
692.5	1.961577E-03
693.5	1.961577E-03
694.5	1.961577E-03
695.5	1.961577E-03
696.5	1.961577E-03
697.5	1.961577E-03
698.5	1.961577E-03
699.5	1.961577E-03
700.5	1.961577E-03
701.5	1.961577E-03
702.5	1.961577E-03
703.5	1.961577E-03
704.5	1.961577E-03
705.5	1.961577E-03
706.5	1.961577E-03
707.5	1.961577E-03
708.5	1.961577E-03
709.5	1.961577E-03
710.5	1.961577E-03
711.5	1.961577E-03
712.5	1.961577E-03
713.5	1.961577E-03
714.5	1.961577E-03
715.5	1.961577E-03
716.5	1.961577E-03
717.5	1.961577E-03
718.5	1.961577E-03
719.5	1.961577E-03
720.5	1.961577E-03
721.5	1.961577E-03
722.5	1.961577E-03
723.5	1.961577E-03
724.5	1.961577E-03
725.5	1.961577E-03
726.5	1.961577E-03
727.5	1.961577E-03
728.5	1.961577E-03
729.5	1.961577E-03
730.5	1.961577E-03
731.5	1.961577E-03
732.5	1.961577E-03
733.5	1.961577E-03
734.5	1.961577E-03
735.5	1.961577E-03
736.5	1.961577E-03
999999999	2.780000E-04
-END-OF-DATA-
